0

2.0

0.002 0.002 0.5 0.5

4

3.0
 5.0  3.0  8.0
 1.0  0.0  1.0
 0.2  0.8  0.5 20
 0.0  0.9  1.0

3.0
-1.0  3.0 -2.0
 0.0  1.0  1.0
 0.2  0.8  0.5 20
 0.0  0.9  1.0

2.0
 6.0  2.0 -3.0
 1.0  0.0  0.0
 0.2  0.8  0.5 20
 0.0  0.7  1.0

1.5
-2.0  1.5  9.0
 0.0  0.0  0.0
 0.2  0.8  0.5 20
 0.0  0.3  1.1


10

-10.0 0.0 -10.0
  0.0 0.0 -10.0
  0.0 0.0   0.0
1.0 1.0 0.0
0.2 0.3 1.0 100
0.0 0.0 0.0

-10.0 0.0 -10.0
-10.0 0.0   0.0
  0.0 0.0   0.0
1.0 1.0 1.0
0.2 0.3 1.0 100
0.0 0.0 0.0

-10.0 0.0  10.0
-10.0 0.0   0.0
  0.0 0.0   0.0
1.0 1.0 0.0
0.2 0.3 1.0 100
0.0 0.0 0.0

-10.0 0.0  10.0
  0.0 0.0  10.0
  0.0 0.0   0.0
1.0 1.0 1.0
0.2 0.3 1.0 100
0.0 0.0 0.0

10.0 0.0 -10.0
 0.0 0.0 -10.0
 0.0 0.0   0.0
1.0 1.0 1.0
0.2 0.3 1.0 100
0.0 0.0 0.0

10.0 0.0 -10.0
10.0 0.0   0.0
 0.0 0.0   0.0
1.0 1.0 0.0
0.2 0.3 1.0 100
0.0 0.0 0.0

10.0 0.0  10.0
10.0 0.0   0.0
 0.0 0.0   0.0
1.0 1.0 1.0
0.2 0.3 1.0 100
0.0 0.0 0.0

10.0 0.0  10.0
 0.0 0.0  10.0
 0.0 0.0   0.0
1.0 1.0 0.0
0.2 0.3 1.0 100
0.0 0.0 0.0

 10.0  0.0 -10.0
 10.0 10.0 -10.0
-10.0 10.0 -10.0
1.0 0.5 0.0
0.2 0.3 1.0 100
0.0 0.0 0.0

-10.0 10.0 -10.0
-10.0  0.0 -10.0
 10.0  0.0 -10.0
1.0 0.5 0.0
0.2 0.3 1.0 100
0.0 0.0 0.0


15.0 15.0 60.0
 0.0 5.0  0.0
 0.0 1.0  0.0

30
100
16 9
2
-9.0 10.0  7.0 500.0 
 9.0 10.0  7.0 500.0 

0.0 1.0 7.0

0.5

