0

1.8

0.004 0.004 0.35 0.35

5

3.0
-6.0  3.0  0.0
 1.0  0.0  0.0
 0.2  0.8  2.0 70
 0.5  0.0  1.0

3.0
-6.0  9.0  0.0
 0.0  0.0  1.0
 0.2  0.8  2.0 70
 0.5  0.0  1.0

3.0
 6.0  3.0  0.0
 0.0  1.0  0.0
 0.2  0.8  2.0 70
 0.5  0.0  1.0

3.0
 6.0  9.0  0.0
 0.0  1.0  1.0
 0.2  0.8  2.0 70
 0.5  0.0  1.0

2.0
 0.0  2.0  0.0
 0.0  0.0  0.0
 0.2  0.8  5.0 120
 1.0  0.0  1.0

8


-10.0 0.0 -10.0
  0.0 0.0 -10.0
  0.0 0.0   0.0
1.0 1.0 0.0
0.2 0.3 1.0 100
0.0 0.0 0.0

-10.0 0.0 -10.0
-10.0 0.0   0.0
  0.0 0.0   0.0
1.0 1.0 1.0
0.2 0.3 1.0 100
0.0 0.0 0.0

-10.0 0.0  10.0
-10.0 0.0   0.0
  0.0 0.0   0.0
1.0 1.0 0.0
0.2 0.3 1.0 100
0.0 0.0 0.0

-10.0 0.0  10.0
  0.0 0.0  10.0
  0.0 0.0   0.0
1.0 1.0 1.0
0.2 0.3 1.0 100
0.0 0.0 0.0

10.0 0.0 -10.0
 0.0 0.0 -10.0
 0.0 0.0   0.0
1.0 1.0 1.0
0.2 0.3 1.0 100
0.0 0.0 0.0

10.0 0.0 -10.0
10.0 0.0   0.0
 0.0 0.0   0.0
1.0 1.0 0.0
0.2 0.3 1.0 100
0.0 0.0 0.0

10.0 0.0  10.0
10.0 0.0   0.0
 0.0 0.0   0.0
1.0 1.0 1.0
0.2 0.3 1.0 100
0.0 0.0 0.0

10.0 0.0  10.0
 0.0 0.0  10.0
 0.0 0.0   0.0
1.0 1.0 0.0
0.2 0.3 1.0 100
0.0 0.0 0.0

15.0 15.0 60.0
0.0  5.0   0.0
0.0  1.0   0.0

30
100
16 9

2
-9.0 10.0  7.0 500.0 
 9.0 10.0  7.0 500.0 

0.0 1.0 7.0

0.5

